20000.0, flow sol, [ 3810.56194706  8065.14832439  5231.89166348  6153.48553052
  4816.4129009  15555.13693982 11290.00779276 13155.84138546
 18447.90292216  5675.9177637  17482.01956628  8812.37998768
 15562.38470167  6121.04577979  8797.44081015 12925.58110571
 12679.26874199 16451.22880322 12878.20217744 12746.14867122
  7438.75643452  8668.89256428 14695.47253129  7486.51881783
 21393.93511579 20684.86534864 18386.84732076 20000.
 11567.3192838   9805.94927746  4642.1146817  18397.50374857
  7866.7914078  10513.95718021 10540.56792363  7909.75386216
 13265.07469226 12658.5972775  10936.20888065  9847.45718815
  8830.21282207  7502.57609006 19991.91374604  8462.31392807
 20689.93829194 16817.90261527  8640.75861731 11534.07222774
 11594.51555316 18609.03239537  9773.76444431 11570.66957427
 11414.81656032 16384.4285211  18571.57701833 22716.76192999
 20777.9954476  11359.01855675  9748.89490892 22712.50627083
  9783.72092642  7231.14576595  8400.23002718  7280.27304229
  8131.73548307 10068.41642932 16790.53795494  8481.72089744
  8105.42723734  9402.32175114  7502.88353434  9433.05619955
  7627.28124778 10929.73146588 10143.85195139  7658.32314048]
20000.0, flow upperbound, [ 3361.19771293  8097.02164638  4499.65951905  5992.26537712
  5615.51561111 14056.91545232 10007.07555269 12331.26364492
 18053.05426402  5320.72396513 17629.86725631  8802.09051716
 15806.37505475  5968.56952397  8794.33722679 12524.75302494
 12043.21593558 15893.06868805 12493.30388142 12126.24702125
  6831.4020672   8386.32666007 15423.28202129  6886.33464469
 21819.70226289 21472.39351659 17602.60933212 23199.74198491
 11068.21589152  8100.81338894  4418.14203281 17732.03855633
  8403.47172624  9818.03131625  9351.22132481  8367.12449407
 12414.13902928 11821.93756924 11107.00490717  9481.10870768
  9076.76795265  8386.28091128 23058.62392039  9034.22688242
 19113.65283447 18372.09800594  8383.08366734 11044.02478553
 11669.21515603 15365.31172187  8100.25599976 11680.50034084
  9939.3942232  15810.104879   15326.65971497 19027.21203266
 19085.09281805  9950.21654488  8698.2445811  19005.5962167
  8680.64603742  6247.3627569   7007.23074955  6310.88937719
  8601.94604293 10252.59166648 18397.69395202  7004.5301356
  8612.49110309  9621.5601838   8391.82909337  9655.23190163
  7856.21211924 11114.80344713 10305.57322661  7895.43201915]
18333.333333333332, flow sol, [ 3980.38580758  8352.68114611  5517.39569088  6183.41382047
  4874.41733711 15877.74354656 11644.60763837 13255.90185699
 18512.22748693  5687.82167232 17401.49774078  8803.30962458
 15380.33904491  6168.90586994  8801.56746837 13107.84190899
 13056.13911751 16031.41060739 13091.59180225 13086.77331623
  7711.00835415  8781.16040028 14378.44211942  7751.62690492
 21392.23063548 20598.67892186 18344.84907936 18333.33333333
 11768.92014997  9848.34663235  4576.4087598  18389.4238545
  7867.97077636 10935.54236801 10888.18551894  7878.69624676
 13448.68941036 12802.99276133 11250.44854279 10257.67779114
  8810.12999666  7303.65202391 18324.91486855  8425.02405501
 20919.24525737 16428.69932113  8755.02661144 11746.71797612
 11186.12510547 19101.44513465  9836.9301011  11207.45952105
 11758.64651553 16000.8393274  19031.83767511 23258.9195514
 20894.64184027 11768.83110444  9831.07546315 23258.74081186
  9818.76457717  7272.33635838  8545.89537451  7321.01713163
  8123.21836108 10101.75694381 16478.03649623  8584.76272698
  8094.59973294  9346.30128075  7309.21256503  9409.13798726
  7803.79629117 11204.75189376 10179.05634519  7872.19353881]
18333.333333333332, flow upperbound, [ 3361.19771293  8097.02164638  4499.65951905  5992.26537712
  5615.51561111 14056.91545232 10007.07555269 12331.26364492
 18053.05426402  5320.72396513 17629.86725631  8802.09051716
 15806.37505475  5968.56952397  8794.33722679 12524.75302494
 12043.21593558 15893.06868805 12493.30388142 12126.24702125
  6831.4020672   8386.32666007 15423.28202129  6886.33464469
 21819.70226289 21472.39351659 17602.60933212 23199.74198491
 11068.21589152  8100.81338894  4418.14203281 17732.03855633
  8403.47172624  9818.03131625  9351.22132481  8367.12449407
 12414.13902928 11821.93756924 11107.00490717  9481.10870768
  9076.76795265  8386.28091128 23058.62392039  9034.22688242
 19113.65283447 18372.09800594  8383.08366734 11044.02478553
 11669.21515603 15365.31172187  8100.25599976 11680.50034084
  9939.3942232  15810.104879   15326.65971497 19027.21203266
 19085.09281805  9950.21654488  8698.2445811  19005.5962167
  8680.64603742  6247.3627569   7007.23074955  6310.88937719
  8601.94604293 10252.59166648 18397.69395202  7004.5301356
  8612.49110309  9621.5601838   8391.82909337  9655.23190163
  7856.21211924 11114.80344713 10305.57322661  7895.43201915]
