20000.0, flow sol, [ 3843.07730421  8089.51514695  5237.86873377  6149.80951341
  4896.16611084 15486.30216099 11247.80199335 13138.36546117
 18405.03410741  5670.29091274 17478.57690871  8807.97459185
 15531.89915625  6108.85662405  8791.3164641  12911.26810097
 12696.10127757 16512.05318007 12853.65708386 12783.97412265
  7422.3497303   8687.35762739 14702.99817203  7476.36052022
 21349.26436935 20676.61939191 18380.30040434 19999.99999851
 11560.69273282  9790.80497347  4648.58450166 18403.98744254
  7843.9585327  10494.70364555 10502.38965705  7895.85626871
 13188.02619367 12594.51159338 10916.41018061  9844.55962668
  8834.60900282  7508.61945294 19995.74392987  8474.51971261
 20756.50630164 16806.2097352   8663.68264235 11526.94151013
 11557.19155552 18736.93191658  9758.31781296 11567.6370276
 11419.43342473 16424.22657056 18669.10647233 22687.57914121
 20778.0233105  11397.52773629  9751.52710102 22631.92708746
  9752.45715776  7196.63767245  8427.38061059  7312.70196888
  8105.52755652 10099.30554743 16844.28189938  8356.6220585
  8166.67300558  9396.12702232  7517.55468513  9425.78754306
  7591.82401488 10922.89558033 10154.2243948   7630.4197678 ]
18000.0, flow sol, [ 4025.41006962  8366.91144377  5538.65091124  6198.40976585
  4925.20773097 15904.72826031 11676.86250058 13298.16009026
 18496.31301746  5694.27184426 17414.25115332  8796.26025422
 15321.33645467  6174.27616717  8789.09618244 13149.71262263
 13090.553417   15964.73517232 13118.41495216 13118.75551879
  7767.86209862  8813.47455269 14349.92393186  7787.37437709
 21376.53449307 20583.34742261 18332.81491964 17999.99999694
 11808.97153045  9879.62896016  4569.42816396 18356.81785279
  7862.13192129 11022.09670733 10941.72695784  7845.68701574
 13505.98271981 12854.40227151 11328.09082063 10337.36349135
  8817.43421115  7256.0573667  17989.02648726  8418.82645712
 20972.90064727 16358.45610337  8790.97341953 11786.21598085
 11155.35334952 19112.75767508  9868.82226788 11173.48798216
 11826.6616233  15936.59976678 19049.43305594 23387.55753252
 20938.88820209 11834.29896156  9873.32157738 23396.09750783
  9849.67528829  7293.35644511  8596.83786596  7343.45268565
  8135.39773968 10116.13488339 16409.26687042  8631.67532939
  8108.6821296   9348.69738873  7268.24885375  9411.27449935
  7829.10941817 11276.51037233 10192.946734    7903.87801584]
16000.0, flow sol, [ 3890.00505004  8400.18783172  5324.80901608  6221.34073565
  5388.37505362 16485.79450363 12631.68423624 14410.06314339
 18838.62414354  6175.34947275 17986.98462133  8850.41171167
 15446.45083242  6284.29660332  8713.4329804  13414.31447118
 13571.92448844 15379.83451423 13340.29160757 13557.44364281
  8168.78255386  8832.15137295 14814.2801495   8083.70279889
 20945.60954043 20334.58437262 18419.53782136 15999.99891253
 12039.48662521 10532.64622349  5339.45013161 18516.40179996
  7742.52803284 11990.14582875 11795.60281838  7773.97178609
 15113.22818215 14408.59051754 12124.05086176 11607.85920984
  9195.99738731  7641.17591948 15997.08667397  9106.56746861
 20742.97943709 17024.57547674  8829.00346159 12018.98242877
 11394.28021157 19205.77393861 10484.35921425 11305.58864219
 12426.32182828 15394.48788665 19270.985927   25869.53356444
 20946.27551148 12289.88761767 10420.09936859 26049.39892525
 10487.62053982  7273.91880154  9317.60955319  7479.73313659
  8610.52910271 10358.4207162  16879.59284473  9459.28526627
  8727.0175476   9592.48777801  7631.09543266  9717.88003929
  8248.39938413 12019.41319715 10447.74660637  8363.71115858]
14000.0, flow sol, [ 4081.60120257  8458.20429068  5468.93081368  6330.45477921
  5457.21986531 16812.26103356 13094.92606513 14668.20359215
 18954.37501698  6194.28250061 17972.17341918  8792.62907912
 15301.49726131  6304.63256175  8791.49534274 13688.39076176
 14034.03468642 15461.25799828 13661.43480792 14076.94908015
  8368.13807944  9007.09624508 14409.59745362  8394.35077708
 20873.81351689 20131.04654114 18624.85220806 13999.99997009
 12333.72733967 10671.1402497   5432.03368486 18622.49354687
  7602.68093204 12244.24101521 12337.99908116  7609.8576731
 15481.00268019 14831.25243729 12362.14275333 11872.06382507
  9184.65982912  7437.12927349 13996.81876931  9078.99829886
 20985.29968874 16613.32503868  8997.04158688 12309.63411695
 11084.82365143 19571.436083   10637.59870782 11122.10004134
 12661.03672668 15418.46835427 19500.13656189 26950.53260941
 20962.44814682 12665.2961619  10576.52515993 26936.44344428
 10558.63938377  7472.04665349  9499.62726836  7521.97866611
  8568.56948628 10369.97146937 16671.54226185  9517.79516428
  8559.57636056  9665.94801295  7451.58456957  9742.31782143
  8264.76707697 12312.39251043 10428.89660772  8355.59218152]
12000.0, flow sol, [ 4127.17747169  8626.15137882  5634.88752233  6345.1653129
  5375.23336701 17052.69698882 13308.88007361 14603.15470011
 19096.83453182  6239.76827856 17843.92449058  8817.25818585
 15095.48456897  6325.30369812  8811.77294562 13959.90284922
 14367.43561158 15429.83442788 13934.55599421 14397.33776823
  8641.26036833  9144.24670871 13963.91907858  8664.75448039
 20852.79694215 19934.37384037 18644.8029671  11999.99964684
 12543.51878385 10932.18108388  5442.9110274  18663.0943973
  7549.57791789 12565.75190466 12607.50435051  7508.57116916
 16020.05930751 15377.67683568 12732.87658589 12227.96782874
  9141.57824719  7258.89140208 11998.48196288  9076.49947535
 20917.13564889 16284.58600868  9125.40116534 12525.85331792
 11022.3599877  19927.40057556 10867.73522081 11083.24485144
 12758.51407824 15399.99056314 19830.06299442 27489.35344565
 20830.11240702 12755.28404344 10631.95060766 27462.17199977
 10542.06786364  7531.8539467   9573.26202582  7521.76267709
  8639.5715054  10407.67797767 16419.86833659  9566.32833114
  8566.94372934  9628.88272178  7271.37738698  9696.24270228
  8310.32134872 12690.49411406 10470.21448411  8390.16731411]
10000.0, flow sol, [ 4310.70419407  8863.07526643  5885.59696101  6425.11985201
  5437.85036923 17392.49608562 13740.56086835 14818.70819074
 19414.87578034  6230.12261135 18021.83023021  8809.39638199
 15094.23544113  6386.10637919  8801.61178062 14253.25707835
 14858.00822281 15562.81145888 14206.45900415 14917.1083578
  8883.4748667   9322.75939986 13844.26468883  8933.32697093
 20733.96320612 19772.07004919 18707.90700704  9999.99822926
 12828.68649191 11093.99766887  5449.15939219 18779.71833643
  7507.57401804 12827.31059521 12989.12386603  7519.97582872
 16681.04405268 16042.00886103 13012.62468219 12505.53602036
  9204.69975571  7207.86609854  9998.4601746   9145.0578282
 20845.20373462 15721.42275531  9285.3330461  12805.22215898
 10955.19755216 20275.53159423 11064.68184711 10977.42168324
 12903.50755097 15503.78862994 20192.4940825  28200.0008011
 20843.72896646 12896.77824369 10647.77006638 28157.94046044
 10640.48051333  7690.03345608  9702.32875851  7722.60758216
  8666.92012548 10324.04973495 15775.80492525  9720.49632035
  8613.14930657  9601.93534755  7227.7876234   9634.70406935
  8385.78671026 12973.58949054 10410.39467994  8438.47695691]
8000.0, flow sol, [ 4476.46086552  9207.03300676  6250.22098012  6463.30912389
  5339.00793892 17631.98426417 14181.8378629  14603.5594946
 19607.82922948  6240.42183603 17772.64027311  8799.64591309
 14885.53821817  6427.0683909   8793.50635839 14579.42688014
 15363.91524556 15488.31928438 14537.04659246 15428.18905779
  9237.55074506  9488.57588579 13234.6352987   9278.47662288
 20546.50097427 19281.89013816 18648.88541772  7999.9993736
 13154.75048687 11297.41917249  5447.12984676 18708.78823708
  7468.53980593 13122.05790831 13442.23756463  7466.79702281
 17089.41602433 16448.07294293 13341.71247993 12790.35534545
  9230.981308    7125.53533986  7998.66613763  9165.83981612
 20837.23648503 15108.81571549  9470.34234862 13121.01630029
 10690.78075163 20429.78862733 11266.06935192 10709.35259091
 13004.69170826 15424.55560568 20359.79889523 28554.25502219
 20842.57720433 12992.52875937 10636.62206781 28520.50161139
 10631.66418655  7833.05725241  9792.79585036  7881.42493536
  8646.17901704 10244.29588159 15154.92004614  9806.05785158
  8628.19868456  9497.55632116  7147.06859039  9551.01813659
  8366.75438028 13300.36939853 10310.64389703  8441.74944624]
